local placeId = game.PlaceId
if placeId == 2753915549 then
	Old_World = true
elseif placeId == 4442272183 then
	New_World = true
elseif placeId == 7449423635 then
	Three_World = true
end

local function click(a)
	game:GetService("VirtualInputManager"):SendMouseButtonEvent(a.AbsolutePosition.X+a.AbsoluteSize.X/2,a.AbsolutePosition.Y+90,0,true,a,1)
	game:GetService("VirtualInputManager"):SendMouseButtonEvent(a.AbsolutePosition.X+a.AbsoluteSize.X/2,a.AbsolutePosition.Y+90,0,false,a,1)
end
repeat wait(1)
	if game.Players.LocalPlayer.Team == nil and game.Players.LocalPlayer.PlayerGui.Main.ChooseTeam.Visible == true then
		click(game:GetService("Players").LocalPlayer.PlayerGui.Main.ChooseTeam.Container.Pirates.Frame.ViewportFrame)
	end
until game.Players.localPlayer.Neutral == false

-- Gui
local library = loadstring(game:HttpGet("https://raw.githubusercontent.com/Figger-2007/SwitchBF/main/xxpt.lua"))()

local PepsisWorld = library:CreateWindow({
	Name = "Switch Hub [ Premium ]",
	Themeable = {	
	}
})
local General_T = PepsisWorld:CreateTab({
	Name = "General"
})
local Time_S = General_T:CreateSection({
	Name = " Time ",
	Side = 'Left'
})
local Time_Clock = Time_S:AddLabel({
    Name = ' Time Clock :'
})
local Time_Server = Time_S:AddLabel({
    Name = ' Time Server:'
})
spawn(function()
    while wait(.3) do
        pcall(function()
            local scripttime=game.Workspace.DistributedGameTime
            local seconds = scripttime%60
            minutes = math.floor(scripttime/60%60)
            hours = math.floor(scripttime/3600)
            local tempo = string.format("%.0f Hr(s), %.0f Min(s), %.0f Sec(s)", hours ,minutes, seconds)
            Time_Clock:Set(tempo)
            Time_Server:Set('Time Server: '..tostring(game:GetService("Lighting").TimeOfDay))
        end)
    end
end)
local Status_S = General_T:CreateSection({
	Name = " Status ",
	Side = 'Left'
})
Status_S:AddLabel({
    Name = 'Name: '..tostring(game.Players.LocalPlayer.Name)
})
if New_World or Three_World then
    if game:GetService("ReplicatedStorage").Remotes.CommF_:InvokeServer("Alchemist","3") == -2 then -- V1 
        Evo_Race_V1_H = true
    end
end
if New_World or Three_World then
    if game:GetService("ReplicatedStorage").Remotes.CommF_:InvokeServer("Wenlocktoad","1") ~= nil and Evo_Race_V1_H then -- V2
        Evo_Race_V2_H = true
    end
end
if New_World or Three_World then
    if game:GetService("ReplicatedStorage").Remotes.CommF_:InvokeServer("Wenlocktoad","3") == -2 then
        Evo_Race_V3_H = true
    end
end
if Evo_Race_V3_H then
    if tostring((table.pack(game:GetService("ReplicatedStorage").Remotes.CommF_:InvokeServer("UpgradeRace","Check"))[2])) == 'nil' then
    else
        Evo_Race_V4_H = true
    end
end
if Evo_Race_V4_H then
    Race_Int = 'V4 T'..tostring((table.pack(game:GetService("ReplicatedStorage").Remotes.CommF_:InvokeServer("UpgradeRace","Check"))[2]))
elseif Evo_Race_V3_H then
    Race_Int = 'V3'
elseif Evo_Race_V2_H then
    Race_Int = 'V2'
elseif Evo_Race_V1_H then
    Race_Int = 'V1'
end
Status_S:AddLabel({
    Name = 'Race: '..tostring(game.Players.LocalPlayer.Data.Race.Value)..' '..Race_Int
})
local Status_Win = Status_S:AddLabel({
	Name = 'Status: '
})
-- Status Full Moon
local Notify_S = General_T:CreateSection({
	Name = " Notify ",
	Side = 'Left'
})
local Fullmoon_S = Notify_S:AddLabel({
	Name = '🌕 Full Moon: '
})
local Mystic_S = Notify_S:AddLabel({
	Name = '🌴 Mystic Island: not spawn.'
})
spawn(function()
	while wait(1) do
		pcall(function()
			if Three_World then
				if game:GetService("Lighting").Sky.MoonTextureId == "http://www.roblox.com/asset/?id=9709149431" then
					Fullmoon_S:Set(tostring('🌕 Full Moon: 100%'))
				elseif game:GetService("Lighting").Sky.MoonTextureId == "http://www.roblox.com/asset/?id=9709149052" then
					Fullmoon_S:Set(tostring('🌕 Full Moon: 75%'))
				elseif game:GetService("Lighting").Sky.MoonTextureId == "http://www.roblox.com/asset/?id=9709143733" then
					Fullmoon_S:Set(tostring('🌕 Full Moon: 50%'))
				elseif game:GetService("Lighting").Sky.MoonTextureId == "http://www.roblox.com/asset/?id=9709150401" then
					Fullmoon_S:Set(tostring('🌕 Full Moon: 25%'))
				elseif game:GetService("Lighting").Sky.MoonTextureId == "http://www.roblox.com/asset/?id=9709149680" then
					Fullmoon_S:Set(tostring('🌕 Full Moon: 15%'))
				else 
					Fullmoon_S:Set(tostring('🌕 Full Moon: 0%'))
				end
				if game:GetService("Workspace").Map:FindFirstChild("MysticIsland") then
                    Mystic_S:Set('🌴 Mystic Island: ✅ spawn.') 
				end
				wait(10)
			end
		end)
	end
end)
local Server_S = General_T:CreateSection({
	Name = " Server ",
	Side = 'Right'
})
Server_S:AddTextbox({
	Name = ' Job Id ',
	Value = '...',
	Callback = function(vu)
		Job_Id = vu
	end
})
Server_S:AddButton({
	Name = 'Join Server',
	Callback = function()
		game:GetService("ReplicatedStorage").__ServerBrowser:InvokeServer("teleport",Job_Id)
	end
})
-- New
local Level_S = General_T:CreateSection({
    Name = " Level ",
    Side = 'Left'
})
Level_S:AddToggle({
	Name = 'Farm Level',
	Enabled = _G.Setting['Farm Level'],
	Callback = function(vu)
		Farm_Level = vu
	end
})
-- Fox Lamp
local Fox_Lamp_S = General_T:CreateSection({
    Name = " Fox Lamp ",
    Side = 'Left'
})
Fox_Lamp_S:AddLabel({
	Name = '🌂 Fox Lamp: ❌'
})
Fox_Lamp_S:AddToggle({
	Name = 'Auto Farm Fox Lamp',
	Enabled = _G.Setting['Fox Lamp'],
	Callback = function(vu)
		Auto_Fox_Lamp = vu
	end
})
Fox_Lamp_S:AddToggle({
	Name = 'Auto Hop Server',
	Enabled = _G.Setting['Fox Lamp Hop'],
	Callback = function(vu)
		Auto_Hop_Server = vu
	end
})
-- Shark Anchor
local Update_New_S = General_T:CreateSection({
    Name = " Shark Anchor ",
    Side = 'Left'
})
local Shark_Anchor_S = Update_New_S:AddLabel({
	Name = '⚓ Shark Anchor: ❌'
})
function Get_H_Shark_Anchor()
	local Inventory = game:GetService("ReplicatedStorage").Remotes.CommF_:InvokeServer("getInventory")
	for i,v in pairs(Inventory) do
		if v.Type == "Sword" then
			if v.Name == 'Shark Anchor' then
				Shark_Anchor_H = true
			end
		end
	end
	for i,v in pairs(Inventory) do
		if v.Type == "Wear" then
			if v.Name == 'Monster Magnet' then
				Monster_Magnet_H = true
			end
		end
	end
	for i,v in pairs(Inventory) do
		if v.Type == "Wear" then
			if v.Name == 'Monster Magnet' then
				Shark_Tooth_Necklace_H = true
			end
		end
	end
	for i,v in pairs(Inventory) do
		if v.Type == "Wear" then
			if v.Name == 'Terror Jaw' then
				Terror_Jaw_H = true
			end
		end
	end
end
-- -31612.23046875, 31.740503311157227, 1929.916259765625
-- Buy Boat 
-- -998.3510131835938, 4.5834879875183105, -14038.31640625
setclipboard(tostring(game.Players.LocalPlayer.Character.HumanoidRootPart.Position))
Update_New_S:AddToggle({
	Name = 'Auto Farm Shark Anchor',
	Enabled = _G.Setting['Shark Anchor'],
	Callback = function(vu)
		Auto_Farm_Shark_Anchor = vu
		if vu then
			Get_H_Shark_Anchor()
		end
	end
})
Update_New_S:AddLabel({
	Name = ' '
})
local Monster_Magnet_S = Update_New_S:AddLabel({
	Name = '🔥 Monster Magnet: ❌'
})
--[[
	Update_New_S:AddLabel({
		Name = '✅ Terror Eyes: max.'
		+
	})
]]
local T_E_M = Update_New_S:AddLabel({ -- 
	Name = '❌ Terror Eyes: 0/2'
})
local E_W_M = Update_New_S:AddLabel({ -- 
	Name = '❌ Electric Wings: 0/8'
})
local F_G_M = Update_New_S:AddLabel({ -- 
	Name = "❌ Fool's Golds: 0/20"
})
local S_T_M = Update_New_S:AddLabel({ -- 
	Name = '❌ Shark Tooth: 0/10'
})
Update_New_S:AddToggle({
	Name = 'Auto Farm Monster Magnet',
	Enabled = _G.Setting['Shark Anchor'],
	Callback = function(vu)
		Auto_Farm_Monster_Magnet = vu
	end
})
Update_New_S:AddLabel({
	Name = ' '
})

local Terror_Jaw_S = Update_New_S:AddLabel({
	Name = '👓 Terror Jaw: ❌'
})
local T_E_T = Update_New_S:AddLabel({ -- 
	Name = '❌ Terror Eyes: 0/1'
})
local M_T_T = Update_New_S:AddLabel({ -- 
	Name = '❌ Mutant Tooth: 0/2'
})
local F_G_T = Update_New_S:AddLabel({ -- 
	Name = "❌ Fool's Gold: 0/10"
})
local S_T_T = Update_New_S:AddLabel({ -- 
	Name = '❌ Shark Tooth: 0/5'
})
Update_New_S:AddToggle({
	Name = 'Auto Farm Terror Jaw',
	Enabled = _G.Setting['Shark Anchor'],
	Callback = function(vu)
		Auto_Farm_Terror_Jaw = vu
	end
})

Update_New_S:AddLabel({
	Name = ' '
})
local Shark_Tooth_Necklace_S = Update_New_S:AddLabel({
	Name = '📿 Shark Tooth Necklace: ❌'
})
local M_T_S = Update_New_S:AddLabel({
	Name = '❌ Mutant Tooth: 0/1' -- 
})
local S_T_S = Update_New_S:AddLabel({ -- 
	Name = '❌ Shark Tooth: 0/5'
})
Update_New_S:AddToggle({
	Name = 'Auto Farm Shark Tooth',
	Enabled = _G.Setting['Shark Anchor'],
	Callback = function(vu)
		Auto_Farm_Shark_Tooth = vu
	end
})


function CheckItem_X(matname)
	for i,v in pairs(game:GetService("ReplicatedStorage").Remotes.CommF_:InvokeServer("getInventory")) do
		if type(v) == "table" then
			if v.Type == "Material" then
				if v.Name == matname then
					return v.Count
				end
			end
		end
	end
	return 0
end
function TPBoat(p,boat,speedx)
	local Distance = (p.Position - boat.Position).Magnitude
	Speed = speedx
	TweenP = game:GetService("TweenService"):Create(boat,TweenInfo.new(Distance/Speed, Enum.EasingStyle.Linear),{CFrame = p})
	TweenP:Play()
end
function TP(p)
	local Distance = (p.Position - game.Players.LocalPlayer.Character.HumanoidRootPart.Position).Magnitude
	if Distance < 100 then
		Speed = 1500
	elseif Distance < 200 then
		Speed = 150
	elseif Distance < 400 then
		Speed = 400
	elseif Distance < 1000 then
		Speed = 300
	elseif Distance < 1500 then
		Speed = 260
	elseif Distance >= 1500 then
		Speed = 300
	end
	Tween = game:GetService("TweenService"):Create(game.Players.LocalPlayer.Character.HumanoidRootPart,TweenInfo.new(Distance/Speed, Enum.EasingStyle.Linear),{CFrame = p})
	Tween:Play()
end
function TPZ(p,speedx)
	local Distance = (p.Position - game.Players.LocalPlayer.Character.HumanoidRootPart.Position).Magnitude
	if Distance < 100 then
		Speed = 50
	elseif Distance < 200 then
		Speed = speedx
	elseif Distance < 1000 then
		Speed = speedx
	elseif Distance < 1500 then
		Speed = speedx
	elseif Distance >= 1500 then
		Speed = speedx
	end
	Tween = game:GetService("TweenService"):Create(game.Players.LocalPlayer.Character.HumanoidRootPart,TweenInfo.new(Distance/Speed, Enum.EasingStyle.Linear),{CFrame = p})
	Tween:Play()
end
function TPX(RealTarget)
	pcall(function()
		local Distance = (RealTarget.Position - game:GetService("Players").LocalPlayer.Character:WaitForChild("HumanoidRootPart").Position).Magnitude
		if Distance < 100 then
			Speed = 1500
		elseif Distance < 200 then
			Speed = 1200
		elseif Distance < 500 then
			Speed = 515
		elseif Distance < 1000 then
			Speed = 315
		elseif Distance >= 1000 then
			Speed = 300
		end
		if Distance > 3000 and game.Players.LocalPlayer.Character.Humanoid.Health > 0 then
			if game.Players.LocalPlayer.Character:FindFirstChild('Humanoid') and game.Players.LocalPlayer.Character.Humanoid.Health > 0 then
				game:GetService("Players").LocalPlayer.Character:WaitForChild("Head"):Destroy()
				game.Players.LocalPlayer.Character.Humanoid.Health = 0
				game.Players.LocalPlayer.Character.HumanoidRootPart.CFrame = RealTarget 
				wait(.5)
				game.Players.LocalPlayer.Character.HumanoidRootPart.CFrame = RealTarget 
				game:GetService("ReplicatedStorage").Remotes.CommF_:InvokeServer("SetSpawnPoint")
				wait(7)
			end
			--[[
			if (Vector3.new(-5075.13525390625, 314.941162109375, -2886.742919921875)-RealTarget.Position).Magnitude <= 2000 then
				local args = {
					[1] = "requestEntrance",
					[2] = Vector3.new(-5089.66455078125, 318.5023193359375, -3146.126708984375)
				}
	-35887.2265625, 31.741893768310547, -658.2794799804688
				game:GetService("ReplicatedStorage").Remotes.CommF_:InvokeServer(unpack(args))
				wait(1)
			else
				if game.Players.LocalPlayer.Character.Humanoid.Health > 0 then
					game.Players.LocalPlayer.Character.Humanoid.Health = 0
					game.Players.LocalPlayer.Character.Head:Destroy()
					game.Players.LocalPlayer.Character.HumanoidRootPart.CFrame = RealTarget 
					wait(.5)
					game.Players.LocalPlayer.Character.HumanoidRootPart.CFrame = RealTarget 
					game:GetService("ReplicatedStorage").Remotes.CommF_:InvokeServer("SetSpawnPoint")
					wait(7)
				end
			end
			]]
		elseif game.Players.LocalPlayer.Character.Humanoid.Health > 0 then
			local Tween = game:GetService("TweenService"):Create(game.Players.LocalPlayer.Character.HumanoidRootPart,TweenInfo.new(Distance/Speed, Enum.EasingStyle.Linear),{CFrame = RealTarget})
			Tween:Play()
		end
	end)
end
-- Pikat 4 Terrorshark piranha shark 'Fish Crew Member'
-- 
function GetNameMon(vu)
	if vu == nil then
		vu = 'bit'
	end
	for i,v in pairs(game.Workspace.Enemies:GetChildren()) do
		if v.Name == vu and v.Humanoid.Health > 0 then
			return true
		end
	end
	return false
end
function EquipWeapon(ToolSe)
	pcall(function()
		if game.Players.LocalPlayer.Backpack:FindFirstChild(ToolSe) and game.Players.LocalPlayer.Character:FindFirstChild('Humanoid') then
			local tool = game.Players.LocalPlayer.Backpack:FindFirstChild(ToolSe)
			wait()
			game.Players.LocalPlayer.Character.Humanoid:EquipTool(tool)
		end
	end)
end
function GetItem(vu)
	for i,v in pairs(game:GetService("ReplicatedStorage").Remotes.CommF_:InvokeServer("getInventoryWeapons")) do
		if v["Name"] == vu then
			return true
		end
	end
	return false
end
local function Check_Table(vp,xp)
	for i,v in pairs(vp) do
		if v == xp then
			return true
		end
	end
end
function CheckCF(vu)
	for i,v in pairs(game:GetService("Workspace")["_WorldOrigin"].EnemyRegions:GetChildren()) do
		if (v.Position-CFrameMon.Position).Magnitude <= vu then
			CFrameMon = v.CFrame
			return
		end
	end
end
function SpawnMon()
	for i2,v2 in pairs(game:GetService("Workspace")["_WorldOrigin"].EnemyRegions:GetChildren()) do
		if (v2.Position-game.Players.LocalPlayer.Character.HumanoidRootPart.Position).Magnitude <= 500 then
			game:GetService("ReplicatedStorage").Remotes.Location:FireServer(v)
			return
		end
	end
end
function CheckQuestBoss_L()
	-- Old World
		if SelectBoss == "Saber Expert" then
			MsBoss = "Saber Expert"
			NameBoss = "Saber Expert"
			CFrameBoss = CFrame.new(-1458.89502, 29.8870335, -50.633564, 0.858821094, 1.13848939e-08, 0.512275636, -4.85649254e-09, 1, -1.40823326e-08, -0.512275636, 9.6063415e-09, 0.858821094)
		elseif SelectBoss == "The Saw" then
			MsBoss = "The Saw"
			NameBoss = "The Saw"
			CFrameBoss = CFrame.new(-683.519897, 13.8534927, 1610.87854, -0.290192783, 6.88365773e-08, 0.956968188, 6.98413629e-08, 1, -5.07531119e-08, -0.956968188, 5.21077759e-08, -0.290192783)
		elseif SelectBoss == "Greybeard" then
			MsBoss = "Greybeard"
			NameBoss = "Greybeard"
			CFrameBoss = CFrame.new(-4955.72949, 80.8163834, 4305.82666, -0.433646321, -1.03394289e-08, 0.901083171, -3.0443168e-08, 1, -3.17633075e-09, -0.901083171, -2.88092288e-08, -0.433646321)
		elseif SelectBoss == "The Gorilla King" then
			MsBoss = "The Gorilla King"
			NameBoss = "The Gorilla King"
			NameQuestBoss = "JungleQuest"
			QuestLvBoss = 3
			CFrameQBoss = CFrame.new(-1604.12012, 36.8521118, 154.23732, 0.0648873374, -4.70858913e-06, -0.997892559, 1.41431883e-07, 1, -4.70933674e-06, 0.997892559, 1.64442184e-07, 0.0648873374)
			CFrameBoss = CFrame.new(-1223.52808, 6.27936459, -502.292664, 0.310949147, -5.66602516e-08, 0.950426519, -3.37275488e-08, 1, 7.06501808e-08, -0.950426519, -5.40241736e-08, 0.310949147)
			
		elseif SelectBoss == "Bobby" then
			MsBoss = "Bobby"
			NameBoss = "Bobby"
			NameQuestBoss = "BuggyQuest1"
			QuestLvBoss = 3
			CFrameQBoss = CFrame.new(-1139.59717, 4.75205183, 3825.16211, -0.959730506, -7.5857054e-09, 0.280922383, -4.06310328e-08, 1, -1.11807175e-07, -0.280922383, -1.18718916e-07, -0.959730506)
			CFrameBoss = CFrame.new(-1147.65173, 32.5966301, 4156.02588, 0.956680477, -1.77109952e-10, -0.29113996, 5.16530874e-10, 1, 1.08897802e-09, 0.29113996, -1.19218679e-09, 0.956680477)
			
		elseif SelectBoss == "Yeti" then
			MsBoss = "Yeti"
			NameBoss = "Yeti"
			NameQuestBoss = "SnowQuest"
			QuestLvBoss = 3
			CFrameQBoss = CFrame.new(1384.90247, 87.3078308, -1296.6825, 0.280209213, 2.72035177e-08, -0.959938943, -6.75690828e-08, 1, 8.6151708e-09, 0.959938943, 6.24481444e-08, 0.280209213)
			CFrameBoss = CFrame.new(1221.7356, 138.046906, -1488.84082, 0.349343032, -9.49245944e-08, 0.936994851, 6.29478194e-08, 1, 7.7838429e-08, -0.936994851, 3.17894653e-08, 0.349343032)
			
		elseif SelectBoss == "Mob Leader" then
			MsBoss = "Mob Leader"
			NameBoss = "Mob Leader"
			CFrameBoss = CFrame.new(-2848.59399, 7.4272871, 5342.44043, -0.928248107, -8.7248246e-08, 0.371961564, -7.61816636e-08, 1, 4.44474857e-08, -0.371961564, 1.29216433e-08, -0.92824)
		elseif SelectBoss == "Vice Admiral" then
			MsBoss = "Vice Admiral"
			NameBoss = "Vice Admiral"
			NameQuestBoss = "MarineQuest2"
			QuestLvBoss = 2
			CFrameQBoss = CFrame.new(-5035.42285, 28.6520386, 4324.50293, -0.0611100644, -8.08395768e-08, 0.998130739, -1.57416586e-08, 1, 8.00271849e-08, -0.998130739, -1.08217701e-08, -0.0611100644)
			CFrameBoss = CFrame.new(-5078.45898, 99.6520691, 4402.1665, -0.555574954, -9.88630566e-11, 0.831466436, -6.35508286e-08, 1, -4.23449258e-08, -0.831466436, -7.63661632e-08, -0.555574954)
			
		elseif SelectBoss == "Warden" then
			MsBoss = "Warden"
			NameBoss = "Warden"
			NameQuestBoss = "ImpelQuest"
			QuestLvBoss = 1
			CFrameQBoss = CFrame.new(4851.35059, 5.68744135, 743.251282, -0.538484037, -6.68303741e-08, -0.842635691, 1.38001752e-08, 1, -8.81300792e-08, 0.842635691, -5.90851599e-08, -0.538484037)
			CFrameBoss = CFrame.new(5232.5625, 5.26856995, 747.506897, 0.943829298, -4.5439414e-08, 0.330433697, 3.47818627e-08, 1, 3.81658154e-08, -0.330433697, -2.45289105e-08, 0.943829298)
			
		elseif SelectBoss == "Chief Warden" then
			MsBoss = "Chief Warden"
			NameBoss = "Chief Warden"
			NameQuestBoss = "ImpelQuest"
			QuestLvBoss = 2
			CFrameQBoss = CFrame.new(4851.35059, 5.68744135, 743.251282, -0.538484037, -6.68303741e-08, -0.842635691, 1.38001752e-08, 1, -8.81300792e-08, 0.842635691, -5.90851599e-08, -0.538484037)
			CFrameBoss = CFrame.new(5232.5625, 5.26856995, 747.506897, 0.943829298, -4.5439414e-08, 0.330433697, 3.47818627e-08, 1, 3.81658154e-08, -0.330433697, -2.45289105e-08, 0.943829298)
			
		elseif SelectBoss == "Thunder God" then
			MsBoss = "Thunder God"
			NameBoss = "Swan"
			NameQuestBoss = "ImpelQuest"
			QuestLvBoss = 3
			CFrameQBoss = CFrame.new(4851.35059, 5.68744135, 743.251282, -0.538484037, -6.68303741e-08, -0.842635691, 1.38001752e-08, 1, -8.81300792e-08, 0.842635691, -5.90851599e-08, -0.538484037)
			CFrameBoss = CFrame.new(5232.5625, 5.26856995, 747.506897, 0.943829298, -4.5439414e-08, 0.330433697, 3.47818627e-08, 1, 3.81658154e-08, -0.330433697, -2.45289105e-08, 0.943829298)
			
		elseif SelectBoss == "Magma Admiral" then
			MsBoss = "Magma Admiral"
			NameBoss = "Magma Admiral"
			NameQuestBoss = "MagmaQuest"
			QuestLvBoss = 3
			CFrameQBoss = CFrame.new(-5317.07666, 12.2721891, 8517.41699, 0.51175487, -2.65508806e-08, -0.859131515, -3.91131572e-08, 1, -5.42026761e-08, 0.859131515, 6.13418294e-08, 0.51175487)
			CFrameBoss = CFrame.new(-5530.12646, 22.8769703, 8859.91309, 0.857838571, 2.23414389e-08, 0.513919294, 1.53689133e-08, 1, -6.91265853e-08, -0.513919294, 6.71978384e-08, 0.857838571)
			
		elseif SelectBoss == "Fishman Lord" then
			MsBoss = "Fishman Lord"
			NameBoss = "Fishman Lord"
			NameQuestBoss = "FishmanQuest"
			QuestLvBoss = 3
			CFrameQBoss = CFrame.new(61123.0859, 18.5066795, 1570.18018, 0.927145958, 1.0624845e-07, 0.374700129, -6.98219367e-08, 1, -1.10790765e-07, -0.374700129, 7.65569368e-08, 0.927145958)
			CFrameBoss = CFrame.new(61351.7773, 31.0306778, 1113.31409, 0.999974668, 0, -0.00714713801, 0, 1.00000012, 0, 0.00714714266, 0, 0.999974549)
			if (CFrameQBoss.Position - game.Players.LocalPlayer.Character.HumanoidRootPart.Position).Magnitude > 3000 then
				game:GetService("ReplicatedStorage").Remotes.CommF_:InvokeServer("requestEntrance",Vector3.new(61163.8515625, 11.6796875, 1819.7841796875))
			end
		elseif SelectBoss == "Wysper" then
			MsBoss = "Wysper"
			NameBoss = "Wysper"
			NameQuestBoss = "SkyExp1Quest"
			QuestLvBoss = 3
			CFrameQBoss = CFrame.new(-7862.94629, 5545.52832, -379.833954, 0.462944925, 1.45838088e-08, -0.886386991, 1.0534996e-08, 1, 2.19553424e-08, 0.886386991, -1.95022007e-08, 0.462944925)
			CFrameBoss = CFrame.new(-7925.48389, 5550.76074, -636.178345, 0.716468513, -1.22915289e-09, 0.697619379, 3.37381434e-09, 1, -1.70304748e-09, -0.697619379, 3.57381835e-09, 0.716468513)
			if (CFrameQBoss.Position - game.Players.LocalPlayer.Character.HumanoidRootPart.Position).Magnitude > 3000 then
				game:GetService("ReplicatedStorage").Remotes.CommF_:InvokeServer("requestEntrance",Vector3.new(-4607.82275, 872.54248, -1667.55688))
			end
		elseif SelectBoss == "Thunder God" then
			MsBoss = "Thunder God"
			NameBoss = "Thunder God"
			NameQuestBoss = "SkyExp2Quest"
			QuestLvBoss = 3
			CFrameQBoss = CFrame.new(-7902.78613, 5635.99902, -1411.98706, -0.0361216255, -1.16895912e-07, 0.999347389, 1.44533963e-09, 1, 1.17024491e-07, -0.999347389, 5.6715117e-09, -0.0361216255)
			CFrameBoss = CFrame.new(-7917.53613, 5616.61377, -2277.78564, 0.965189934, 4.80563429e-08, -0.261550069, -6.73089886e-08, 1, -6.46515304e-08, 0.261550069, 8.00056768e-08, 0.965189934)
			
		elseif SelectBoss == "Cyborg" then
			MsBoss = "Cyborg"
			NameBoss = "Cyborg"
			NameQuestBoss = "FountainQuest"
			QuestLvBoss = 3
			CFrameQBoss = CFrame.new(5253.54834, 38.5361786, 4050.45166, -0.0112687312, -9.93677887e-08, -0.999936521, 2.55291371e-10, 1, -9.93769547e-08, 0.999936521, -1.37512213e-09, -0.0112687312)
			CFrameBoss = CFrame.new(6041.82813, 52.7112198, 3907.45142, -0.563162148, 1.73805248e-09, -0.826346457, -5.94632716e-08, 1, 4.26280238e-08, 0.826346457, 7.31437524e-08, -0.563162148)
			
		-- New World
		elseif SelectBoss == "Diamond" then
			MsBoss = "Diamond"
			NameBoss = "Diamond"
			NameQuestBoss = "Area1Quest"
			QuestLvBoss = 3
			CFrameQBoss = CFrame.new(-424.080078, 73.0055847, 1836.91589, 0.253544956, -1.42165932e-08, 0.967323601, -6.00147771e-08, 1, 3.04272909e-08, -0.967323601, -6.5768397e-08, 0.253544956)
			CFrameBoss = CFrame.new(-1736.26587, 198.627731, -236.412857, -0.997808516, 0, -0.0661673471, 0, 1, 0, 0.0661673471, 0, -0.997808516)
			
		elseif SelectBoss == "Jeremy" then
			MsBoss = "Jeremy"
			NameBoss = "Jeremy"
			NameQuestBoss = "Area2Quest"
			QuestLvBoss = 3
			CFrameQBoss = CFrame.new(632.698608, 73.1055908, 918.666321, -0.0319722369, 8.96074881e-10, -0.999488771, 1.36326533e-10, 1, 8.92172336e-10, 0.999488771, -1.07732087e-10, -0.0319722369)
			CFrameBoss = CFrame.new(2203.76953, 448.966034, 752.731079, -0.0217453763, 0, -0.999763548, 0, 1, 0, 0.999763548, 0, -0.0217453763)
		elseif SelectBoss == "Fajita" then
			MsBoss = "Fajita"
			NameBoss = "Fajita"
			NameQuestBoss = "MarineQuest3"
			QuestLvBoss = 3
			CFrameQBoss = CFrame.new(-2442.65015, 73.0511475, -3219.11523, -0.873540044, 4.2329841e-08, -0.486752301, 5.64383384e-08, 1, -1.43220786e-08, 0.486752301, -3.99823996e-08, -0.873540044)
			CFrameBoss = CFrame.new(-2297.40332, 115.449463, -3946.53833, 0.961227536, -1.46645796e-09, -0.275756449, -2.3212845e-09, 1, -1.34094433e-08, 0.275756449, 1.35296352e-08, 0.961227536)
			
		elseif SelectBoss == "Don Swan" then
			MsBoss = "Don Swan"
			NameBoss = "Don Swan"
			CFrameBoss = CFrame.new(2288.802, 15.1870775, 863.034607, 0.99974072, -8.41247214e-08, -0.0227668174, 8.4774733e-08, 1, 2.75850098e-08, 0.0227668174, -2.95079072e-08, 0.99974072)
			
		elseif SelectBoss == "Smoke Admiral" then
			MsBoss = "Smoke Admiral"
			NameBoss = "Smoke Admiral"
			NameQuestBoss = "IceSideQuest"
			QuestLvBoss = 3
			CFrameQBoss = CFrame.new(-6059.96191, 15.9868021, -4904.7373, -0.444992423, -3.0874483e-09, 0.895534337, -3.64098796e-08, 1, -1.4644522e-08, -0.895534337, -3.91229982e-08, -0.444992423)
			CFrameBoss = CFrame.new(-5115.72754, 23.7664986, -5338.2207, 0.251453817, 1.48345061e-08, -0.967869282, 4.02796978e-08, 1, 2.57916977e-08, 0.967869282, -4.54708946e-08, 0.251453817)
			
		elseif SelectBoss == "Cursed Captain" then
			MsBoss = "Cursed Captain"
			NameBoss = "Cursed Captain"
			CFrameBoss = CFrame.new(916.928589, 181.092773, 33422, -0.999505103, 9.26310495e-09, 0.0314563364, 8.42916226e-09, 1, -2.6643713e-08, -0.0314563364, -2.63653774e-08, -0.999505103)
		elseif SelectBoss == "Darkbeard" then
			MsBoss = "Darkbeard"
			NameBoss = "Darkbeard"
			CFrameBoss = CFrame.new(3876.00366, 24.6882591, -3820.21777, -0.976951957, 4.97356325e-08, 0.213458836, 4.57335361e-08, 1, -2.36868622e-08, -0.213458836, -1.33787044e-08, -0.976951957)
		elseif SelectBoss == "Order" then
			MsBoss = "Order"
			NameBoss = "Order"
			CFrameBoss = CFrame.new(-6221.15039, 16.2351036, -5045.23584, -0.380726993, 7.41463495e-08, 0.924687505, 5.85604774e-08, 1, -5.60738549e-08, -0.924687505, 3.28013137e-08, -0.380726993)
		elseif SelectBoss == "Awakened Ice Admiral" then
			MsBoss = "Awakened Ice Admiral"
			NameBoss = "Awakened Ice Admiral"
			NameQuestBoss = "FrostQuest"
			QuestLvBoss = 3
			CFrameQBoss = CFrame.new(5669.33203, 28.2118053, -6481.55908, 0.921275556, -1.25320829e-08, 0.388910472, 4.72230788e-08, 1, -7.96414241e-08, -0.388910472, 9.17372489e-08, 0.921275556)
			CFrameBoss = CFrame.new(6407.33936, 340.223785, -6892.521, 0.49051559, -5.25310213e-08, -0.871432424, -2.76146022e-08, 1, -7.58250565e-08, 0.871432424, 6.12576301e-08, 0.49051559)
			
		elseif SelectBoss == "Tide Keeper" then
			MsBoss = "Tide Keeper"
			NameBoss = "Tide Keeper"
			NameQuestBoss = "ForgottenQuest"             
			QuestLvBoss = 3
			CFrameQBoss = CFrame.new(-3053.89648, 236.881363, -10148.2324, -0.985987961, -3.58504737e-09, 0.16681771, -3.07832915e-09, 1, 3.29612559e-09, -0.16681771, 2.73641976e-09, -0.985987961)
			CFrameBoss = CFrame.new(-3570.18652, 123.328949, -11555.9072, 0.465199202, -1.3857326e-08, 0.885206044, 4.0332897e-09, 1, 1.35347511e-08, -0.885206044, -2.72606271e-09, 0.465199202)
			
		-- Thire World
		elseif SelectBoss == "Stone" then
			MsBoss = "Stone"
			NameBoss = "Stone"
			NameQuestBoss = "PiratePortQuest"             
			QuestLvBoss = 3
			CFrameQBoss = CFrame.new(-290, 44, 5577)
			CFrameBoss = CFrame.new(-1085, 40, 6779)
			
		elseif SelectBoss == "Island Empress" then
			MsBoss = "Island Empress"
			NameBoss = "Island Empress"
			NameQuestBoss = "AmazonQuest2"             
			QuestLvBoss = 3
			CFrameQBoss = CFrame.new(5443, 602, 752)
			CFrameBoss = CFrame.new(5659, 602, 244)
			
		elseif SelectBoss == "Kilo Admiral" then
			MsBoss = "Kilo Admiral"
			NameBoss = "Kilo Admiral"
			NameQuestBoss = "MarineTreeIsland"             
			QuestLvBoss = 3
			CFrameQBoss = CFrame.new(2178, 29, -6737)
			CFrameBoss =CFrame.new(2846, 433, -7100)
			
		elseif SelectBoss == "Captain Elephant" then
			MsBoss = "Captain Elephant"
			NameBoss = "Captain Elephant"
			NameQuestBoss = "DeepForestIsland"             
			QuestLvBoss = 3
			CFrameQBoss = CFrame.new(-13232, 333, -7631)
			CFrameBoss = CFrame.new(-13221, 325, -8405)
			
		elseif SelectBoss == "Beautiful Pirate" then
			MsBoss = "Beautiful Pirate"
			NameBoss = "Beautiful Pirate"
			NameQuestBoss = "DeepForestIsland2"             
			QuestLvBoss = 3
			CFrameQBoss = CFrame.new(-12686, 391, -9902)
			CFrameBoss = CFrame.new(5182, 23, -20)
			
		elseif SelectBoss == "rip_indra True Form" then
			MsBoss = "rip_indra True Form"
			NameBoss = "rip_indra True Form"
			CFrameBoss = CFrame.new(-5359, 424, -2735)
			
		elseif SelectBoss == "Longma" then
			MsBoss = "Longma"
			NameBoss = "Longma"
			CFrameBoss = CFrame.new(-10248.3936, 353.79129, -9306.34473)
			
		elseif SelectBoss == "Soul Reaper" then
			MsBoss = "Soul Reaper"
			NameBoss = "Soul Reaper"
			CFrameBoss = CFrame.new(-9515.62109, 315.925537, 6691.12012)
			
		elseif SelectBoss == "Cake Queen" then
			MsBoss = "Cake Queen"
			NameBoss = "Cake Queen"
			NameQuestBoss = "IceCreamIslandQuest"             
			QuestLvBoss = 3
			CFrameQBoss = CFrame.new(-821.267456, 65.9448776, -10964.3994, 0.814093888, -3.67296735e-08, -0.58073324, 3.30765637e-08, 1, -1.6879099e-08, 0.58073324, -5.46748513e-09, 0.814093888)
			CFrameBoss = CFrame.new(-715.467102, 381.69104, -11019.8896, 0.955998719, -1.07319993e-08, -0.293370903, 5.00311881e-09, 1, -2.02781667e-08, 0.293370903, 1.7918131e-08, 0.955998719)
			
		end
end
function CheckLevel2()
	local Lv = game:GetService("Players").LocalPlayer.Data.Level.Value
	if Old_World then
		if game.Players.LocalPlayer.Data.Level.Value == 1 or game.Players.LocalPlayer.Data.Level.Value <= 9 or SelectMonster == "" then -- Bandit
			Ms = "Bandit"
			NameQuest = "BanditQuest1"
			QuestLv = 1
			NameMon = "Bandit"
			CFrameQ = CFrame.new(1059.37195, 15.4495068, 1550.4231, 0.939700544, -0, -0.341998369, 0, 1, -0, 0.341998369, 0, 0.939700544)
			CFrameMon = CFrame.new(1353.44885, 3.40935516, 1376.92029, 0.776053488, -6.97791975e-08, 0.630666852, 6.99138596e-08, 1, 2.4612488e-08, -0.630666852, 2.49917598e-08, 0.776053488)
			Next_Level_X = 10
		elseif game.Players.LocalPlayer.Data.Level.Value == 10 or game.Players.LocalPlayer.Data.Level.Value <= 100 then
			Ms = "Shanda"
			NameQuest = "SkyExp1Quest"
			QuestLv = 2
			NameMon = "Shanda"
			CFrameQ = CFrame.new(-7859.09814, 5544.19043, -381.476196)
			CFrameMon = CFrame.new(-7904.57373, 5584.37646, -459.62973)

			Next_Level_X = 75
		elseif game.Players.LocalPlayer.Data.Level.Value >= 60 and game.Players.LocalPlayer.Data.Level.Value <= 75-1 or SelectMonster == "Desert Bandit" then
			Ms = "Desert Bandit"
			NameQuest = "DesertQuest"
			QuestLv = 1
			NameMon = "Desert Bandit"
			CFrameQ = CFrame.new(894.488647, 5.14000702, 4392.43359, 0.819155693, -0, -0.573571265, 0, 1, -0, 0.573571265, 0, 0.819155693)
			CFrameMon = CFrame.new(932.788818, 6.8503746, 4488.24609, -0.998625934, 3.08948351e-08, 0.0524050146, 2.79967303e-08, 1, -5.60361286e-08, -0.0524050146, -5.44919629e-08, -0.998625934)
		elseif game.Players.LocalPlayer.Data.Level.Value >= 75 and game.Players.LocalPlayer.Data.Level.Value <= 90-1 or SelectMonster == "Desert Officer" then
			Ms = "Desert Officer"
			NameQuest = "DesertQuest"
			QuestLv = 2
			NameMon = "Desert Officer"
			CFrameQ = CFrame.new(894.488647, 5.14000702, 4392.43359, 0.819155693, -0, -0.573571265, 0, 1, -0, 0.573571265, 0, 0.819155693)
			CFrameMon = CFrame.new(1617.07886, 1.5542295, 4295.54932, -0.997540116, -2.26287735e-08, -0.070099175, -1.69377223e-08, 1, -8.17798806e-08, 0.070099175, -8.03913949e-08, -0.997540116)
			
			SelectMonster = "Desert Bandit"
			Next_Level_X = 90
		elseif game.Players.LocalPlayer.Data.Level.Value >= 90 and game.Players.LocalPlayer.Data.Level.Value <= 100-1 or SelectMonster == "Snow Bandit" then -- Snow Bandits
			Ms = "Snow Bandit"
			NameQuest = "SnowQuest"
			QuestLv = 1
			NameMon = "Snow Bandit"
			CFrameQ = CFrame.new(1389.74451, 86.6520844, -1298.90796, -0.342042685, 0, 0.939684391, 0, 1, 0, -0.939684391, 0, -0.342042685)
			CFrameMon = CFrame.new(1412.92346, 55.3503647, -1260.62036, -0.246266365, -0.0169920288, -0.969053388, 0.000432241941, 0.999844253, -0.0176417865, 0.969202161, -0.00476344163, -0.246220857)
			
			if SelectMonster == "Snow Bandit" then
			else
				Next_Level_X = 100
			end
			if game.Players.LocalPlayer.Data.Level.Value >= 110 then
				SelectBoss_P = "Yeti" 
			end
			
		elseif game.Players.LocalPlayer.Data.Level.Value == 100 or game.Players.LocalPlayer.Data.Level.Value <= 119 or SelectMonster == "Snowman" then -- Snowman
			Next_Level_X = 120
			Ms = "Snowman"
			NameQuest = "SnowQuest"
			QuestLv = 2
			NameMon = "Snowman"
			CFrameQ = CFrame.new(1389.74451, 86.6520844, -1298.90796, -0.342042685, 0, 0.939684391, 0, 1, 0, -0.939684391, 0, -0.342042685)
			CFrameMon = CFrame.new(1376.86401, 97.2779999, -1396.93115, -0.986755967, 7.71178321e-08, -0.162211925, 7.71531674e-08, 1, 6.08143536e-09, 0.162211925, -6.51427134e-09, -0.986755967)
			
			
			if game.Players.LocalPlayer.Data.Level.Value >= 110 then
				SelectBoss_P = "Yeti" 
			end
			SelectMonster = "Snow Bandit"
		elseif game.Players.LocalPlayer.Data.Level.Value == 120 or game.Players.LocalPlayer.Data.Level.Value <= 174 or SelectMonster == "Chief Petty Officer" then -- Chief Petty Officer
			Ms = "Chief Petty Officer"
			NameQuest = "MarineQuest2"
			QuestLv = 1
			NameMon = "Chief Petty Officer"
			CFrameQ = CFrame.new(-5039.58643, 27.3500385, 4324.68018, 0, 0, -1, 0, 1, 0, 1, 0, 0)
			CFrameMon = CFrame.new(-4882.8623, 22.6520386, 4255.53516, 0.273695946, -5.40380647e-08, -0.96181643, 4.37720793e-08, 1, -4.37274998e-08, 0.96181643, -3.01326679e-08, 0.273695946)
			
			
			if game.Players.LocalPlayer.Data.Level.Value >= 130 then
				SelectBoss_P = "Vice Admiral"
			end
			if SelectMonster == "Chief Petty Officer" then
			else
				Next_Level_X = 175
			end
		elseif SelectMonster == "Sky Bandit" then -- Sky Bandit
			Ms = "Sky Bandit"
			NameQuest = "SkyQuest"
			QuestLv = 1
			NameMon = "Sky Bandit"
			CFrameQ = CFrame.new(-4839.53027, 716.368591, -2619.44165, 0.866007268, 0, 0.500031412, 0, 1, 0, -0.500031412, 0, 0.866007268)
			CFrameMon = CFrame.new(-4959.51367, 365.39267, -2974.56812, 0.964867651, 7.74418396e-08, 0.262737453, -6.95931988e-08, 1, -3.91783708e-08, -0.262737453, 1.95171506e-08, 0.964867651)
			
			
		elseif game.Players.LocalPlayer.Data.Level.Value == 175 or game.Players.LocalPlayer.Data.Level.Value <= 190-1 or SelectMonster == "Dark Master" then -- Dark Master
			
			Ms = "Dark Master"
			NameQuest = "SkyQuest"
			QuestLv = 2
			NameMon = "Dark Master"
			CFrameQ = CFrame.new(-4839.53027, 716.368591, -2619.44165, 0.866007268, 0, 0.500031412, 0, 1, 0, -0.500031412, 0, 0.866007268)
			CFrameMon = CFrame.new(-5079.98096, 376.477356, -2194.17139, 0.465965867, -3.69776352e-08, 0.884802461, 3.40249851e-09, 1, 4.00000886e-08, -0.884802461, -1.56281423e-08, 0.465965867)
			
			SelectMonster = "Sky Bandit"
			if SelectMonster == "Dark Master" then
			else
				Next_Level_X = 190
			end
		elseif game.Players.LocalPlayer.Data.Level.Value == 190 or game.Players.LocalPlayer.Data.Level.Value <= 209 or SelectMonster == "Prisoner" then
			
			Ms = "Prisoner"
			QuestLv = 1
			NameQuest = "PrisonerQuest"
			NameMon = "Prisoner"
			CFrameQ = CFrame.new(5308.93115, 1.65517521, 475.120514, -0.0894274712, -5.00292918e-09, -0.995993316, 1.60817859e-09, 1, -5.16744869e-09, 0.995993316, -2.06384709e-09, -0.0894274712)
			CFrameMon = CFrame.new(5433.39307, 88.678093, 514.986877, 0.879988372, 0, -0.474995494, 0, 1, 0, 0.474995494, 0, 0.879988372)
			if game.Players.LocalPlayer.Data.Level.Value >= 220 then
				SelectBoss_P = "Warden" 
			end
			if game.Players.LocalPlayer.Data.Level.Value >= 232 then
				SelectBoss_P = "Chief Warden"
			end
			if game.Players.LocalPlayer.Data.Level.Value >= 242 then
				SelectBoss_P = "Thunder God"
			end
			if SelectMonster == "Prisoner" then
			else
				Next_Level_X = 210
			end
			Bypass_TP_Dis = true
		elseif game.Players.LocalPlayer.Data.Level.Value == 210 or game.Players.LocalPlayer.Data.Level.Value <= 249 or SelectMonster == "Dangerous Prisoner" then
			if game.Players.LocalPlayer.Data.Level.Value >= 220 then
				SelectBoss_P = "Warden" 
			end
			if game.Players.LocalPlayer.Data.Level.Value >= 232 then
				SelectBoss_P = "Chief Warden"
			end
			if game.Players.LocalPlayer.Data.Level.Value >= 242 then
				SelectBoss_P = "Thunder God"
			end
			Ms = "Dangerous Prisoner"
			QuestLv = 2
			NameQuest = "PrisonerQuest"
			NameMon = "Dangerous Prisoner"
			CFrameQ = CFrame.new(5308.93115, 1.65517521, 475.120514, -0.0894274712, -5.00292918e-09, -0.995993316, 1.60817859e-09, 1, -5.16744869e-09, 0.995993316, -2.06384709e-09, -0.0894274712)
			CFrameMon = CFrame.new(5433.39307, 88.678093, 514.986877, 0.879988372, 0, -0.474995494, 0, 1, 0, 0.474995494, 0, 0.879988372)
			SelectMonster = "Prisoner"
			Next_Level_X = 250
			Bypass_TP_Dis = true
		elseif game.Players.LocalPlayer.Data.Level.Value == 250 or game.Players.LocalPlayer.Data.Level.Value <= 274 or SelectMonster == "Toga Warrior" then -- Toga Warrior
			
			Ms = "Toga Warrior"
			NameQuest = "ColosseumQuest"
			QuestLv = 1
			NameMon = "Toga Warrior"
			CFrameQ = CFrame.new(-1576.11743, 7.38933945, -2983.30762, 0.576966345, 1.22114863e-09, 0.816767931, -3.58496594e-10, 1, -1.24185606e-09, -0.816767931, 4.2370063e-10, 0.576966345)
			CFrameMon = CFrame.new(-1779.97583, 44.6077499, -2736.35474, 0.984437346, 4.10396339e-08, 0.175734788, -3.62286876e-08, 1, -3.05844168e-08, -0.175734788, 2.3741821e-08, 0.984437346)
			
			if SelectMonster == "Toga Warrior" then
			else
				Next_Level_X = 275
			end
		elseif game.Players.LocalPlayer.Data.Level.Value == 275 or game.Players.LocalPlayer.Data.Level.Value <= 299 or SelectMonster == "Gladiator" then -- Gladiato
			
			Ms = "Gladiator"
			NameQuest = "ColosseumQuest"
			QuestLv = 2
			NameMon = "Gladiator"
			CFrameQ = CFrame.new(-1576.11743, 7.38933945, -2983.30762, 0.576966345, 1.22114863e-09, 0.816767931, -3.58496594e-10, 1, -1.24185606e-09, -0.816767931, 4.2370063e-10, 0.576966345)
			CFrameMon = CFrame.new(-1274.75903, 58.1895943, -3188.16309, 0.464524001, 6.21005611e-08, 0.885560572, -4.80449414e-09, 1, -6.76054768e-08, -0.885560572, 2.71497012e-08, 0.464524001)
			
			SelectMonster = "Toga Warrior"
			Next_Level_X = 300
		elseif game.Players.LocalPlayer.Data.Level.Value == 300 or game.Players.LocalPlayer.Data.Level.Value <= 324 or SelectMonster == "Military Soldier" then -- Military Soldier
			if game.Players.LocalPlayer.Data.Level.Value >= 350 then
				SelectBoss_P = "Magma Admiral"
			end
			Ms = "Military Soldier"
			NameQuest = "MagmaQuest"
			QuestLv = 1
			NameMon = "Military Soldier"
			CFrameQ = CFrame.new(-5316.55859, 12.2370615, 8517.2998, 0.588437557, -1.37880001e-08, -0.808542669, -2.10116209e-08, 1, -3.23446478e-08, 0.808542669, 3.60215964e-08, 0.588437557)
			CFrameMon = CFrame.new(-5363.01123, 41.5056877, 8548.47266, -0.578253984, -3.29503091e-10, 0.815856814, 9.11209668e-08, 1, 6.498761e-08, -0.815856814, 1.11920997e-07, -0.578253984)
			
			if SelectMonster == "Military Soldier" then
			else
				Next_Level_X = 325
			end
		elseif game.Players.LocalPlayer.Data.Level.Value == 325 or game.Players.LocalPlayer.Data.Level.Value <= 374 or SelectMonster == "Military Spy" then -- Military Spy
			if game.Players.LocalPlayer.Data.Level.Value >= 350 then
				SelectBoss_P = "Magma Admiral"
			end
			Ms = "Military Spy"
			NameQuest = "MagmaQuest"
			QuestLv = 2
			NameMon = "Military Spy"
			CFrameQ = CFrame.new(-5316.55859, 12.2370615, 8517.2998, 0.588437557, -1.37880001e-08, -0.808542669, -2.10116209e-08, 1, -3.23446478e-08, 0.808542669, 3.60215964e-08, 0.588437557)
			CFrameMon = CFrame.new(-5787.99023, 120.864456, 8762.25293, -0.188358366, -1.84706277e-08, 0.982100308, -1.23782129e-07, 1, -4.93306951e-09, -0.982100308, -1.22495649e-07, -0.188358366)
			
			
			SelectMonster = "Military Soldier"
			Next_Level_X = 375
		elseif game.Players.LocalPlayer.Data.Level.Value == 375 or game.Players.LocalPlayer.Data.Level.Value <= 399 or SelectMonster == "Fishman Warrior" then -- Fishman Warrior
			if game.Players.LocalPlayer.Data.Level.Value >= 425 then
				SelectBoss_P = "Fishman Lord"
			end
			Ms = "Fishman Warrior"
			NameQuest = "FishmanQuest"
			QuestLv = 1
			NameMon = "Fishman Warrior"
			CFrameQ = CFrame.new(61122.5625, 18.4716396, 1568.16504)
			CFrameMon = CFrame.new(60946.6094, 48.6735229, 1525.91687, -0.0817126185, 8.90751153e-08, 0.996655822, 2.00889794e-08, 1, -8.77269599e-08, -0.996655822, 1.28533992e-08, -0.0817126185)
			if SelectMonster == "Fishman Warrior" then
			else
				Next_Level_X = 400
			end
		elseif game.Players.LocalPlayer.Data.Level.Value == 400 or game.Players.LocalPlayer.Data.Level.Value <= 449 or SelectMonster == "Fishman Commando" then -- Fishman Commando
			if game.Players.LocalPlayer.Data.Level.Value >= 425 then
				SelectBoss_P = "Fishman Lord"
			end
			Ms = "Fishman Commando"
			NameQuest = "FishmanQuest"
			QuestLv = 2
